RUN @ 2025-12-23 13:44:57

Table 1: Total balancing cost (Σ promotes h)  [avg over runs]
=============================================================
 i |      n |       sorted |     reversed |       random | almost_sorted
-------------------------------------------------------------------------------
 1 |    600 |        590.0 |        590.0 |        274.5 |        502.1
 2 |   1200 |      1,189.0 |      1,189.0 |        549.0 |      1,013.4
 3 |   2400 |      2,388.0 |      2,388.0 |      1,118.5 |      2,043.9
 4 |   4800 |      4,787.0 |      4,787.0 |      2,236.7 |      4,091.6
 5 |   9600 |      9,586.0 |      9,586.0 |      4,472.6 |      8,201.7
 6 |  19200 |     19,185.0 |     19,185.0 |      8,920.5 |     16,423.7
 7 |  38400 |     38,384.0 |     38,384.0 |     17,883.2 |     32,863.3
 8 |  76800 |     76,783.0 |     76,783.0 |     35,802.8 |     65,735.9
 9 | 153600 |    153,582.0 |    153,582.0 |     71,568.4 |    131,478.2
10 | 307200 |    307,181.0 |    307,181.0 |    143,104.4 |    262,893.2

Table 2: Number of inversions (INV)  [avg over runs]
====================================================
 i |      n |       sorted |     reversed |       random | almost_sorted
-------------------------------------------------------------------------------
 1 |    600 |          0.0 |    179,700.0 |     89,750.6 |        298.2
 2 |   1200 |          0.0 |    719,400.0 |    356,210.5 |        594.8
 3 |   2400 |          0.0 |  2,878,800.0 |  1,441,809.9 |      1,201.8
 4 |   4800 |          0.0 | 11,517,600.0 |  5,773,645.9 |      2,405.3
 5 |   9600 |          0.0 | 46,075,200.0 | 23,017,990.0 |      4,795.4

Table 3: Total search cost (Σ edges e)  [avg over runs]
=======================================================
 i |      n |       sorted |     reversed |       random | almost_sorted
-------------------------------------------------------------------------------
 1 |    600 |        599.0 |      9,012.0 |      8,175.1 |      1,086.0
 2 |   1200 |      1,199.0 |     20,420.0 |     19,001.3 |      2,178.2
 3 |   2400 |      2,399.0 |     45,636.0 |     42,715.3 |      4,340.5
 4 |   4800 |      4,799.0 |    100,868.0 |     94,742.8 |      8,699.6
 5 |   9600 |      9,599.0 |    220,932.0 |    208,890.2 |     17,399.8
 6 |  19200 |     19,199.0 |    480,260.0 |    459,289.9 |     34,783.7
 7 |  38400 |     38,399.0 |  1,037,316.0 |    987,591.5 |     69,579.2
 8 |  76800 |     76,799.0 |  2,228,228.0 |  2,137,629.0 |    139,187.5
 9 | 153600 |    153,599.0 |  4,763,652.0 |  4,593,260.9 |    278,339.2
10 | 307200 |    307,199.0 | 10,141,700.0 |  9,869,697.3 |    556,838.4
